1
2
1
3
2
4
3
5
4
6
5
7
8
6
7
9
8
9
10
11
10
11
12
12
13
13
14
15
14
16
15
17
16
18
17
19
18
20
19
21
20
22
21
23
24
22
25
23
26
24
27
25
28
26
29
27
30
31
28
32
29
33
30
34
31
35
32
36
33
37
34
38
35
39
36
40
37
41
42
38
43
39
44
40
45
41
42
46
43
47
44
48
45
49
46
50
47
51
48
52
49
50
53
51
54
52
55
53
56
54
55
56
57
58
59
57
58
60
59
61
60
62
61
63
62
63
64
64
65
66
65
67
66
68
67
69
68
70
69
71
72
70
73
71
72
74
73
75
74
76
75
77
76
78
77
79
80
78
81
79
82
80
83
81
84
82
85
83
86
84
85
87
88
86
89
87
90
91
88
92
89
93
90
94
91
92
93
94
95
96
95
97
96
98
97
98
99
99
100
100
101
102
101
103
104
102
105
103
106
104
107
105
108
106
107
109
108
110
109
111
110
111
112
112
113
113
114
114
115
115
116
116
117
118
117
119
120
118
121
119
122
120
121
123
122
124
123
125
124
126
125
127
128
126
127
129
128
130
129
131
130
132
133
131
134
132
135
133
136
134
137
135
138
136
139
137
138
139
140
140
141
141
142
142
143
143
144
144
145
145
146
146
147
147
148
148
149
150
151
149
150
152
151
153
154
152
155
153
156
154
155
157
158
156
159
157
160
158
161
159
162
163
164
160
161
165
162
166
163
167
164
168
165
169
166
170
167
171
168
169
172
170
171
173
174
175
172
176
173
174
177
178
175
179
176
180
177
178
181
182
179
180
181
183
182
184
183
185
184
186
185
187
186
188
187
188
189
189
190
190
191
191
192
192
193
193
194
194
195
195
196
196
197
198
197
199
198
200
199
201
200
202
203
201
202
204
203
204
205
206
205
207
208
209
206
210
211
207
208
212
209
213
210
214
211
215
212
216
213
217
214
218
215
219
216
220
217
221
218
219
222
220
223
221
224
222
225
223
226
224
227
225
228
226
229
227
228
230
231
232
233
229
234
230
235
231
236
232
237
238
233
234
239
235
240
236
237
241
238
239
242
240
243
241
244
245
242
246
243
247
244
248
245
249
246
250
247
251
248
252
249
250
253
251
254
252
253
255
254
255
256
256
257
257
258
259
258
260
259
261
260
262
261
262
263
263
264
264
265
265
266
266
267
267
268
268
269
270
269
270
271
272
273
274
271
275
276
272
277
273
278
274
279
280
281
282
275
283
284
285
276
286
277
287
278
288
279
289
290
280
291
281
292
282
283
293
284
294
285
295
286
296
287
288
297
289
298
290
291
299
292
300
301
293
294
302
295
296
303
297
304
298
305
299
306
300
307
308
301
302
309
303
310
311
304
312
305
306
307
313
308
314
315
309
310
316
311
317
312
318
313
319
314
320
315
321
316
322
317
323
318
319
324
320
325
326
321
327
322
328
323
329
324
330
325
326
327
331
332
333
328
334
329
335
330
336
337
331
332
338
333
339
334
340
335
341
336
337
342
343
338
344
339
345
340
346
341
347
348
342
349
343
350
344
345
351
346
352
347
353
354
348
349
355
350
356
351
357
358
352
359
360
353
361
354
362
363
355
364
356
365
357
358
366
359
360
367
361
368
369
370
362
371
363
364
372
365
373
366
367
374
375
368
376
377
378
369
379
370
380
371
372
373
381
374
375
376
382
377
383
378
379
384
380
385
386
381
387
388
382
389
383
390
384
391
385
386
392
387
393
394
388
389
395
396
390
391
397
392
398
393
399
394
395
400
401
396
402
397
403
398
404
399
405
400
406
407
401
408
409
402
410
403
411
412
404
413
405
414
406
415
407
416
408
417
409
418
410
419
420
411
421
412
422
423
413
424
414
425
415
426
416
427
417
428
418
429
419
420
430
421
431
432
422
433
434
423
424
435
425
436
426
437
427
438
428
439
429
440
430
441
431
442
432
443
433
434
435
444
436
445
437
446
438
439
447
440
448
441
449
442
450
443
451
444
445
446
452
453
454
447
455
448
456
449
457
450
458
451
459
452
460
453
454
455
461
456
462
457
463
464
458
465
466
459
467
460
468
461
469
470
462
471
463
472
464
473
465
474
466
475
467
476
468
477
469
478
470
479
471
480
481
472
473
482
474
475
483
476
484
477
485
486
478
487
479
488
480
489
490
481
491
482
492
493
483
494
484
495
485
486
487
496
488
497
489
498
490
499
491
500
492
501
502
493
494
495
503
504
496
505
506
497
507
498
499
508
500
509
501
510
502
511
503
512
504
513
505
514
515
506
516
507
517
508
518
509
519
510
520
511
521
512
522
513
523
514
515
516
524
525
517
526
527
518
528
519
529
530
520
531
521
532
522
533
523
534
524
535
525
536
526
527
537
528
538
529
539
530
540
541
542
531
532
543
533
544
534
545
535
546
536
547
537
548
538
539
549
540
550
541
551
542
543
552
544
545
553
546
554
547
548
555
549
556
550
557
551
558
552
553
559
560
554
561
555
562
556
563
557
558
564
559
565
560
566
561
567
568
562
563
564
569
565
566
570
571
567
572
568
569
573
570
574
571
575
572
576
573
577
574
575
578
576
579
577
580
578
579
581
580
582
581
583
582
584
583
585
584
586
585
587
588
586
587
589
588
590
591
589
592
593
594
590
595
596
591
597
592
598
593
599
594
600
595
601
596
597
598
602
599
603
604
600
605
601
606
602
607
603
604
608
605
609
606
610
607
611
608
612
609
613
610
614
611
615
616
612
617
618
613
619
614
620
615
621
616
622
617
618
623
619
624
620
625
621
626
622
623
627
628
624
629
625
626
627
630
628
631
629
632
633
630
634
631
635
632
636
633
634
637
638
635
639
636
637
640
638
639
641
640
642
641
642
643
643
644
644
645
645
646
647
646
648
647
648
649
649
650
650
651
651
652
652
653
653
654
654
655
655
656
656
657
657
658
659
658
660
659
661
660
662
663
661
664
662
663
665
664
666
665
667
666
668
667
669
668
670
669
671
670
672
671
673
672
674
673
675
674
676
675
677
676
677
678
678
679
679
680
680
681
681
682
683
682
683
684
684
685
686
685
686
687
688
687
689
688
690
689
691
692
690
693
691
694
692
695
693
696
694
695
697
696
698
697
699
698
699
700
700
701
701
702
702
703
703
704
704
705
705
706
706
707
707
708
708
709
709
710
710
711
711
712
713
712
714
713
715
714
716
717
715
718
716
717
719
718
720
721
719
722
720
721
723
722
724
723
725
724
726
725
727
726
728
727
728
729
729
730
730
731
731
732
733
732
734
733
735
734
736
735
737
738
736
739
737
740
738
741
739
742
740
743
741
744
742
743
744
745
745
746
746
747
747
748
748
749
749
750
750
751
751
752
752
753
753
754
754
755
756
755
756
757
758
757
759
758
760
759
761
762
760
761
763
762
764
763
765
766
764
767
768
765
769
766
770
767
771
772
768
769
773
770
774
771
775
772
776
773
777
778
774
779
775
780
776
781
777
782
783
778
784
779
785
780
786
781
787
782
788
783
789
784
790
785
791
786
792
787
793
788
789
794
790
795
791
796
797
792
798
793
794
795
799
796
800
797
801
798
802
799
800
803
801
804
802
803
804
805
805
806
806
807
807
808
808
809
810
809
811
812
810
811
813
812
814
815
816
813
817
814
818
815
819
816
820
817
821
818
822
819
823
820
821
822
824
823
825
824
826
825
827
826
828
827
829
830
828
831
829
832
830
833
831
834
832
833
835
834
835
836
836
837
837
838
838
839
839
840
840
841
841
842
843
842
844
843
845
844
846
845
847
846
848
847
849
848
850
849
851
850
852
851
853
852
853
854
854
855
855
856
856
857
857
858
859
858
860
859
861
860
862
863
864
861
865
866
862
867
863
868
869
864
865
870
866
871
867
872
868
873
869
874
870
875
871
876
872
877
873
878
874
879
875
880
876
881
877
882
878
879
880
881
883
882
884
883
885
884
886
887
885
888
886
889
887
890
888
891
889
892
890
893
894
891
895
892
896
893
897
894
898
895
899
896
900
897
901
898
902
899
903
900
904
901
905
902
906
903
907
908
904
909
910
905
911
906
912
907
908
913
909
914
910
915
911
912
916
917
918
913
919
914
920
915
921
916
922
917
923
918
919
920
924
921
925
922
926
923
927
928
929
924
930
925
931
926
927
932
928
933
929
934
930
935
931
936
937
932
938
933
939
934
940
935
941
936
942
937
943
938
944
939
945
940
941
946
942
947
943
948
944
949
945
950
946
951
947
952
953
954
948
955
949
956
950
957
958
951
952
959
953
960
954
961
955
962
956
963
957
964
965
958
959
966
960
967
968
969
961
962
970
963
971
972
964
973
965
974
975
966
967
976
968
977
969
978
970
979
971
980
972
981
973
982
974
983
975
984
976
985
977
986
978
987
979
988
980
989
981
990
982
991
983
992
984
993
985
994
986
995
996
987
997
988
998
989
999
990
991
992
993
994
995
996
997
998
999
